-2.620000000000000000e+02
-1.760000000000000000e+02
-9.800000000000000000e+01
-3.500000000000000000e+01
2.000000000000000000e+00
2.200000000000000000e+01
2.400000000000000000e+01
2.200000000000000000e+01
1.200000000000000000e+01
-2.000000000000000000e+00
-4.200000000000000000e+01
-8.100000000000000000e+01
-1.210000000000000000e+02
-1.820000000000000000e+02
-2.210000000000000000e+02
-2.440000000000000000e+02
-2.580000000000000000e+02
-2.680000000000000000e+02
-2.570000000000000000e+02
-2.290000000000000000e+02
-2.160000000000000000e+02
-2.140000000000000000e+02
-2.080000000000000000e+02
-1.320000000000000000e+02
-7.400000000000000000e+01
-7.000000000000000000e+01
-4.200000000000000000e+01
-1.000000000000000000e+01
5.000000000000000000e+00
1.500000000000000000e+01
3.400000000000000000e+01
8.700000000000000000e+01
4.000000000000000000e+01
3.200000000000000000e+01
7.000000000000000000e+01
2.800000000000000000e+01
4.800000000000000000e+01
1.210000000000000000e+02
1.490000000000000000e+02
2.060000000000000000e+02
2.950000000000000000e+02
3.480000000000000000e+02
3.830000000000000000e+02
4.870000000000000000e+02
6.660000000000000000e+02
8.980000000000000000e+02
1.282000000000000000e+03
1.727000000000000000e+03
2.289000000000000000e+03
2.439000000000000000e+03
2.779000000000000000e+03
2.967000000000000000e+03
3.053000000000000000e+03
3.148000000000000000e+03
3.214000000000000000e+03
3.276000000000000000e+03
3.173000000000000000e+03
2.798000000000000000e+03
2.325000000000000000e+03
1.691000000000000000e+03
1.027000000000000000e+03
1.560000000000000000e+02
-8.390000000000000000e+02
-1.957000000000000000e+03
-3.287000000000000000e+03
-4.550000000000000000e+03
-5.685000000000000000e+03
-6.716000000000000000e+03
-7.629000000000000000e+03
-8.291000000000000000e+03
-8.662000000000000000e+03
-8.731000000000000000e+03
-8.350000000000000000e+03
-7.573000000000000000e+03
-6.622000000000000000e+03
-5.554000000000000000e+03
-4.623000000000000000e+03
-3.946000000000000000e+03
-3.344000000000000000e+03
-2.747000000000000000e+03
-1.832000000000000000e+03
-5.420000000000000000e+02
1.184000000000000000e+03
3.084000000000000000e+03
4.977000000000000000e+03
6.801000000000000000e+03
8.360000000000000000e+03
9.525000000000000000e+03
1.030300000000000000e+04
1.068000000000000000e+04
1.072200000000000000e+04
1.043600000000000000e+04
9.870000000000000000e+03
9.059000000000000000e+03
7.994000000000000000e+03
6.625000000000000000e+03
4.947000000000000000e+03
3.037000000000000000e+03
1.110000000000000000e+03
-7.810000000000000000e+02
-2.572000000000000000e+03
-4.298000000000000000e+03
-5.886000000000000000e+03
-7.428000000000000000e+03
-8.812000000000000000e+03
-9.883000000000000000e+03
-1.051800000000000000e+04
-1.069200000000000000e+04
-1.045900000000000000e+04
-9.849000000000000000e+03
-8.975000000000000000e+03
-7.852000000000000000e+03
-6.554000000000000000e+03
-5.058000000000000000e+03
-3.441000000000000000e+03
-1.773000000000000000e+03
-1.320000000000000000e+02
1.442000000000000000e+03
2.864000000000000000e+03
4.084000000000000000e+03
5.071000000000000000e+03
5.759000000000000000e+03
6.203000000000000000e+03
6.403000000000000000e+03
6.392000000000000000e+03
6.226000000000000000e+03
5.963000000000000000e+03
5.569000000000000000e+03
5.079000000000000000e+03
4.505000000000000000e+03
3.824000000000000000e+03
3.004000000000000000e+03
2.102000000000000000e+03
1.177000000000000000e+03
2.760000000000000000e+02
-5.540000000000000000e+02
-1.229000000000000000e+03
-1.834000000000000000e+03
-2.362000000000000000e+03
-2.803000000000000000e+03
-3.172000000000000000e+03
-3.490000000000000000e+03
-3.680000000000000000e+03
-3.753000000000000000e+03
-3.783000000000000000e+03
-3.774000000000000000e+03
-3.711000000000000000e+03
-3.612000000000000000e+03
-3.477000000000000000e+03
-3.323000000000000000e+03
-3.106000000000000000e+03
-2.773000000000000000e+03
-2.290000000000000000e+03
-1.718000000000000000e+03
-1.112000000000000000e+03
-4.460000000000000000e+02
2.870000000000000000e+02
1.033000000000000000e+03
1.748000000000000000e+03
2.454000000000000000e+03
3.062000000000000000e+03
3.584000000000000000e+03
3.966000000000000000e+03
4.139000000000000000e+03
4.106000000000000000e+03
3.818000000000000000e+03
3.288000000000000000e+03
2.634000000000000000e+03
2.003000000000000000e+03
1.376000000000000000e+03
6.830000000000000000e+02
6.900000000000000000e+01
-3.620000000000000000e+02
-6.820000000000000000e+02
-9.520000000000000000e+02
-1.102000000000000000e+03
-1.100000000000000000e+03
-9.810000000000000000e+02
-7.820000000000000000e+02
-6.090000000000000000e+02
-5.380000000000000000e+02
-5.710000000000000000e+02
-6.700000000000000000e+02
-8.370000000000000000e+02
-1.045000000000000000e+03
-1.239000000000000000e+03
-1.408000000000000000e+03
-1.522000000000000000e+03
-1.574000000000000000e+03
-1.574000000000000000e+03
-1.554000000000000000e+03
-1.471000000000000000e+03
-1.319000000000000000e+03
-1.075000000000000000e+03
-7.440000000000000000e+02
-4.010000000000000000e+02
-3.300000000000000000e+01
3.600000000000000000e+02
7.310000000000000000e+02
1.070000000000000000e+03
1.326000000000000000e+03
1.474000000000000000e+03
1.553000000000000000e+03
1.590000000000000000e+03
1.554000000000000000e+03
1.485000000000000000e+03
1.346000000000000000e+03
1.157000000000000000e+03
9.510000000000000000e+02
7.860000000000000000e+02
6.230000000000000000e+02
4.840000000000000000e+02
3.370000000000000000e+02
1.840000000000000000e+02
6.600000000000000000e+01
-4.900000000000000000e+01
-1.600000000000000000e+02
-2.250000000000000000e+02
-2.590000000000000000e+02
-2.970000000000000000e+02
-3.230000000000000000e+02
-3.280000000000000000e+02
-3.170000000000000000e+02
-3.050000000000000000e+02
-3.130000000000000000e+02
-3.200000000000000000e+02
-3.140000000000000000e+02
-3.280000000000000000e+02
-3.330000000000000000e+02
